BASIC PERCEPTRON	
	Basic
1	89.9421
2	91.0637
3	91.3411
4	91.5159
5	91.6787
6	91.7631
7	91.8028
8	91.8687
9	91.8074
10	91.8596
11	91.9024
12	91.8657
13	91.8012
14	91.8079
15	91.8331
16	91.8370
17	91.8320
18	91.8516
19	91.8615
20	91.8777
	
	
	
	
	Dynamic
1	91.1722
2	91.5340
3	91.6546
4	91.7511
5	91.8090
6	91.9440
7	92.0612
8	92.1310
9	92.1048
10	92.0695
11	92.0011
12	91.9626
13	92.0043
14	91.9682
15	91.9730
16	92.0134
17	92.0150
18	91.9682
19	91.9644
20	91.9465
	
	Margin
1	79.5224
2	84.6599
3	86.5895
4	87.8437
5	88.6397
6	89.0497
7	89.3736
8	89.5984
9	89.7733
10	89.9711
11	90.0671
12	90.1712
13	90.2816
14	90.3969
15	90.5451
16	90.6024
17	90.6529
18	90.7139
19	90.7685
20	90.8321